delta_ampl = 80914.576951272
delta_ampl = 75088.7195614694
