delta_ampl = 216665.54146670777
delta_ampl = 125703.50606602784
